Los puntos dibujados son:
(319, 339) (320, 339) (321, 339) (322, 339) (323, 339) 
(324, 339) (325, 339) (326, 339) (327, 339) (328, 339) 
(329, 338) (330, 338) (331, 338) (332, 338) (333, 338) 
(334, 338) (335, 338) (336, 338) (337, 337) (338, 337) 
(339, 337) (340, 337) (341, 337) (342, 336) (343, 336) 
(344, 336) (345, 336) (346, 335) (347, 335) (348, 335) 
(349, 334) (350, 334) (351, 334) (352, 333) (353, 333) 
(354, 333) (355, 332) (356, 332) (357, 331) (358, 331) 
(359, 331) (360, 330) (361, 330) (362, 329) (363, 329) 
(364, 328) (365, 328) (366, 327) (367, 327) (368, 326) 
(369, 326) (370, 325) (371, 324) (372, 324) (373, 323) 
(374, 323) (375, 322) (376, 321) (377, 320) (378, 320) 
(379, 319) (380, 318) (381, 317) (382, 317) (383, 316) 
(384, 315) (385, 314) (386, 313) (387, 312) (388, 311) 
(389, 310) (390, 309) 