Los puntos dibujados son:
(319, 339) (320, 338) (321, 338) (322, 338) (323, 338) 
(324, 338) (325, 338) (326, 338) (327, 338) (328, 338) 
(329, 338) (330, 338) (331, 338) (332, 338) (333, 338) 
(334, 337) (335, 337) (336, 337) (337, 337) (338, 337) 
(339, 336) (340, 336) (341, 336) (342, 336) (343, 336) 
(344, 335) (345, 335) (346, 335) (347, 335) (348, 334) 
(349, 334) (350, 334) (351, 333) (352, 333) (353, 333) 
(354, 332) (355, 332) (356, 331) (357, 331) (358, 331) 
(359, 330) (360, 330) (361, 329) (362, 329) (363, 328) 
(364, 328) (365, 327) (366, 327) (367, 326) (368, 326) 
(369, 325) (370, 325) (371, 324) (372, 323) (373, 323) 
(374, 322) (375, 321) (376, 321) (377, 320) (378, 319) 
(379, 319) (380, 318) (381, 317) (382, 316) (383, 315) 
(384, 314) (385, 314) (386, 313) (387, 312) (388, 311) 
(389, 310) (390, 309) (391, 308) (392, 307) (393, 306) 
(394, 305) (395, 303) (396, 302) (397, 301) (398, 300) 
(399, 299) (400, 297) (401, 296) (402, 294) (403, 293) 
(404, 291) (405, 290) (406, 288) (407, 286) (408, 284) 
(409, 282) (410, 280) (411, 278) (412, 275) (413, 273) 
(414, 270) (415, 267) (416, 263) (417, 258) (418, 253) 
(419, 239) (420, -2147483409) 