Los puntos dibujados son:
(320, 339) (321, 338) (322, 338) (323, 337) (324, 336) 
(325, 335) (325, 334) (326, 333) (326, 332) (327, 331) 
(327, 330) (328, 329) (328, 328) (328, 327) (329, 326) 
(329, 325) (330, 324) (330, 323) (330, 322) (330, 321) 
(331, 320) (331, 319) (331, 318) (332, 317) (332, 316) 
(332, 315) (332, 314) (332, 313) (333, 312) (333, 311) 
(333, 310) (333, 309) (333, 308) (334, 307) (334, 306) 
(334, 305) (334, 304) (334, 303) (335, 302) (335, 301) 
(335, 300) (335, 299) (335, 298) (335, 297) (335, 296) 
(336, 295) (336, 294) (336, 293) (336, 292) (336, 291) 
(336, 290) (336, 289) (336, 288) (337, 287) (337, 286) 
(337, 285) (337, 284) (337, 283) (337, 282) (337, 281) 
(337, 280) (337, 279) (337, 278) (337, 277) (338, 276) 
(338, 275) (338, 274) (338, 273) (338, 272) (338, 271) 
(338, 270) (338, 269) (338, 268) (338, 267) (338, 266) 
(338, 265) (338, 264) (338, 263) (338, 262) (339, 261) 
(339, 260) (339, 259) (339, 258) (339, 257) (339, 256) 
(339, 255) (339, 254) (339, 253) (339, 252) (339, 251) 
(339, 250) (339, 249) (339, 248) (339, 247) (339, 246) 
(339, 245) (339, 244) (339, 243) (339, 242) (339, 241) 
(339, 240) (339, 239) 