Los puntos dibujados son:
(319, 439) (320, 439) (321, 439) (322, 439) (323, 439) 
(324, 439) (325, 439) (326, 439) (327, 439) (328, 439) 
(329, 439) (330, 439) (331, 439) (332, 439) (333, 439) 
(334, 438) (335, 438) (336, 438) (337, 438) (338, 438) 
(339, 438) (340, 438) (341, 438) (342, 438) (343, 438) 
(344, 437) (345, 437) (346, 437) (347, 437) (348, 437) 
(349, 437) (350, 437) (351, 436) (352, 436) (353, 436) 
(354, 436) (355, 436) (356, 436) (357, 435) (358, 435) 
(359, 435) (360, 435) (361, 435) (362, 434) (363, 434) 
(364, 434) (365, 434) (366, 433) (367, 433) (368, 433) 
(369, 433) (370, 432) (371, 432) (372, 432) (373, 432) 
(374, 431) (375, 431) (376, 431) (377, 430) (378, 430) 
(379, 430) (380, 429) (381, 429) (382, 429) (383, 428) 
(384, 428) (385, 428) (386, 427) (387, 427) (388, 427) 
(389, 426) (390, 426) (391, 426) (392, 425) (393, 425) 
(394, 424) (395, 424) (396, 424) (397, 423) (398, 423) 
(399, 422) (400, 422) (401, 421) (402, 421) (403, 421) 
(404, 420) (405, 420) (406, 419) (407, 419) (408, 418) 
(409, 418) (410, 417) (411, 417) (412, 416) (413, 416) 
(414, 415) (415, 414) (416, 414) (417, 413) (418, 413) 
(419, 412) (420, 412) (421, 411) (422, 410) (423, 410) 
(424, 409) (425, 409) (426, 408) (427, 407) (428, 407) 
(429, 406) (430, 405) (431, 405) (432, 404) (433, 403) 
(434, 403) (435, 402) (436, 401) (437, 400) (438, 400) 
(439, 399) (440, 398) (441, 397) (442, 397) (443, 396) 
(444, 395) (445, 394) (446, 394) (447, 393) (448, 392) 
(449, 391) (450, 390) (451, 389) (452, 388) (453, 387) 
(454, 387) (455, 386) (456, 385) (457, 384) (458, 383) 
(459, 382) (460, 381) (461, 380) 