Los puntos dibujados son:
(35, 45) (35, 46) (35, 47) (36, 48) (36, 49) 
(37, 50) (37, 51) (38, 52) (38, 53) (39, 54) 
(39, 55) (40, 56) (40, 57) (41, 58) (41, 59) 
(41, 60) (42, 61) (42, 62) (43, 63) (43, 64) 
(44, 65) (44, 66) (45, 67) (45, 68) (46, 69) 
(46, 70) (47, 71) (47, 72) (48, 73) (48, 74) 
(48, 75) (49, 76) (49, 77) (50, 78) (50, 79) 
(51, 80) (51, 81) (52, 82) (52, 83) (53, 84) 
(53, 85) (54, 86) (54, 87) (54, 88) (55, 89) 
(55, 90) (56, 91) (56, 92) (57, 93) (57, 94) 
(58, 95) (58, 96) (59, 97) (59, 98) (60, 99) 
(60, 100) (61, 101) (61, 102) (61, 103) (62, 104) 
(62, 105) (63, 106) (63, 107) (64, 108) (64, 109) 
(65, 110) (65, 111) (66, 112) (66, 113) (67, 114) 
(67, 115) (68, 116) (68, 117) (68, 118) (69, 119) 
(69, 120) (70, 121) (70, 122) (71, 123) (71, 124) 
(72, 125) (72, 126) (73, 127) (73, 128) (74, 129) 
(74, 130) (74, 131) (75, 132) (75, 133) (76, 134) 
(76, 135) (77, 136) (77, 137) (78, 138) (78, 139) 
(79, 140) (79, 141) (80, 142) (80, 143) (81, 144) 
(81, 145) (81, 146) (82, 147) (82, 148) (83, 149) 
(83, 150) (84, 151) (84, 152) (85, 153) (85, 154) 
(86, 155) (86, 156) (87, 157) (87, 158) (87, 159) 
(88, 160) (88, 161) (89, 162) (89, 163) (90, 164) 
(90, 165) (91, 166) (91, 167) (92, 168) (92, 169) 
(93, 170) (93, 171) (94, 172) (94, 173) (94, 174) 
(95, 175) (95, 176) (96, 177) (96, 178) (97, 179) 
(97, 180) (98, 181) (98, 182) (99, 183) (99, 184) 
(100, 185) (100, 186) (101, 187) (101, 188) (101, 189) 
(102, 190) (102, 191) (103, 192) (103, 193) (104, 194) 
(104, 195) (105, 196) (105, 197) (106, 198) (106, 199) 
(107, 200) (107, 201) (107, 202) (108, 203) (108, 204) 
(109, 205) (109, 206) (110, 207) (110, 208) (111, 209) 
(111, 210) (112, 211) (112, 212) (113, 213) (113, 214) 
(114, 215) (114, 216) (114, 217) (115, 218) (115, 219) 
(116, 220) (116, 221) (117, 222) (117, 223) (118, 224) 
(118, 225) (119, 226) (119, 227) (120, 228) (120, 229) 
(120, 230) (121, 231) (121, 232) (122, 233) (122, 234) 
(123, 235) (123, 236) (124, 237) (124, 238) (125, 239) 
(125, 240) (126, 241) (126, 242) (127, 243) (127, 244) 
(127, 245) (128, 246) (128, 247) (129, 248) (129, 249) 
(130, 250) (130, 251) (131, 252) (131, 253) (132, 254) 
(132, 255) (133, 256) (133, 257) (134, 258) (134, 259) 
(134, 260) (135, 261) (135, 262) (136, 263) (136, 264) 
(137, 265) (137, 266) (138, 267) (138, 268) (139, 269) 
(139, 270) (140, 271) (140, 272) (140, 273) (141, 274) 
(141, 275) (142, 276) (142, 277) (143, 278) (143, 279) 
(144, 280) (144, 281) (145, 282) (145, 283) (146, 284) 
(146, 285) (147, 286) (147, 287) (147, 288) (148, 289) 
(148, 290) (149, 291) (149, 292) (150, 293) (150, 294) 
(151, 295) (151, 296) (152, 297) (152, 298) (153, 299) 
(153, 300) (153, 301) (154, 302) (154, 303) (155, 304) 
(155, 305) (156, 306) (156, 307) (157, 308) (157, 309) 
(158, 310) (158, 311) (159, 312) (159, 313) (160, 314) 
(160, 315) (160, 316) (161, 317) (161, 318) (162, 319) 
(162, 320) (163, 321) (163, 322) (164, 323) (164, 324) 
(165, 325) (165, 326) (166, 327) (166, 328) (166, 329) 
(167, 330) (167, 331) (168, 332) (168, 333) (169, 334) 
(169, 335) (170, 336) (170, 337) (171, 338) (171, 339) 
(172, 340) (172, 341) (173, 342) (173, 343) (173, 344) 
(174, 345) (174, 346) (175, 347) (175, 348) (176, 349) 
(176, 350) (177, 351) (177, 352) (178, 353) (178, 354) 
(179, 355) (179, 356) (180, 357) (180, 358) (180, 359) 
(181, 360) (181, 361) (182, 362) (182, 363) (183, 364) 
(183, 365) (184, 366) (184, 367) (185, 368) (185, 369) 
(186, 370) (186, 371) (186, 372) (187, 373) (187, 374) 
(188, 375) (188, 376) (189, 377) (189, 378) (190, 379) 
(190, 380) (191, 381) (191, 382) (192, 383) (192, 384) 
(193, 385) (193, 386) (193, 387) (194, 388) (194, 389) 
(195, 390) (195, 391) (196, 392) (196, 393) (197, 394) 
(197, 395) (198, 396) (198, 397) (199, 398) (199, 399) 
(199, 400) 